40123133
40123134
40123202
40123226
40123244
40323201
40323202
40323203
40323204
40323205
40323206
40323208
40323210
40323211
40323212
40323213
40323214
40323215
40323216
40323217
40323218
40323219
40323220
40323222
40323223
40323225
40323226
40323227
40323229
40323230
40323231
40323232
40323233
40323234
40323235
40323236
40323237
40323238
40323239
40323240
40323241
40323242
40323243
40323244
40323245
40323247
40323248
40323249
40323250
40323251
40323252
40323253
40323254
40323255
40323256
40328242
40328245