40023139
40023234
40123119
40123145
40123218
40323101
40323102
40323103
40323105
40323106
40323107
40323108
40323109
40323110
40323111
40323112
40323113
40323115
40323116
40323117
40323118
40323119
40323120
40323121
40323122
40323123
40323124
40323125
40323126
40323127
40323128
40323129
40323130
40323131
40323132
40323133
40323135
40323136
40323137
40323138
40323139
40323140
40323141
40323143
40323144
40323145
40323146
40323147
40323148
40323149
40323150
40323151
40323152
40323153
40323154
40323155
40323156