40323201,40323202,40323203,40323205,40323208,,
40323214,40323250,40323231,40323230,40323233,40323218,40323232
40323204,40323206,40323217,40323251,40323253,40323255,
40123224,40123239,40123242,40123250,40323234,40323238,
40323222,40323227,40323241,40323243,40323249,40328242,40328245
40123126,40123131,40123129,40123133,40123134,40123144,40123156
40123202,40123214,40123217,40123226,40123232,40123235,40123244
40323213,40323226,40323229,40323237,40323239,40323242,40323244
40323212,40323216,40323219,40323236,40323254,40323256,
40323210,40323211,40323220,40323235,40323248,40323215,
40323223,40323225,40323240,40323245,40323247,40323252,